0. 0, 0.0
1. 16, 1.0
2. 4, 0.5
3. 2, 0.5
4. 19, 0.25
5. 19, 0.25
6. 19, 1.0
7. 2, 0.5
8. 7, 1.0
9. 12, 0.5
10. 12, 0.5
11. 7, 0.25
12. 16, 0.25
13. 19, 0.25
14. 0, 0.25
15. 7, 1.0
16. 7, 1.0
17. 0, 1.0
18. 14, 0.25
19. 19, 0.25
20. 19, 0.25
21. 12, 0.5
22. 19, 1.0
23. 4, 1.0
24. 2, 0.25
25. 19, 0.5
26. 9, 0.25
27. 9, 0.25
28. 2, 1.0
29. 19, 0.25
30. 19, 0.25
31. 4, 0.25
32. 0, 0.5
33. 9, 0.25
34. 16, 0.25
35. 7, 0.25
36. 12, 0.25
37. 12, 0.25
38. 0, 0.25
39. 19, 0.5
40. 19, 0.5
41. 14, 0.25
42. 19, 0.25
43. 16, 0.5
44. 7, 0.5
45. 12, 0.25
46. 0, 1.0
47. 0, 0.5
48. 19, 1.0
49. 14, 1.0
50. 14, 1.0
51. 7, 0.5
52. 14, 0.25
53. 4, 0.5
54. 9, 0.5
55. 0, 0.25
56. 12, 0.25
57. 9, 0.5
58. 7, 0.25
59. 19, 1.0
60. 19, 1.0
61. 0, 1.0
62. 9, 0.5
63. 7, 0.25
64. 9, 0.25
65. 7, 1.0
66. 9, 1.0
67. 0, 0.25
68. 14, 0.25
69. 0, 0.25
70. 0, 0.25
71. 7, 0.5
72. 0, 0.25
73. 7, 0.5
74. 2, 1.0
75. 7, 0.25
76. 2, 1.0
77. 14, 1.0
78. 4, 1.0
79. 0, 0.5
80. 0, 0.5
81. 16, 1.0
82. 14, 1.0
83. 19, 0.25
84. 7, 1.0
85. 0, 0.5
86. 19, 1.0
87. 12, 0.25
88. 12, 1.0
89. 7, 0.5
90. 7, 0.5
91. 14, 0.25
92. 4, 0.5
93. 16, 1.0
94. 14, 0.5
95. 19, 0.5
96. 19, 1.0
97. 9, 0.25
98. 4, 0.25
99. 9, 1.0
100. 9, 1.0
101. 4, 0.5
102. 7, 0.5
103. 4, 0.5
104. 9, 1.0
105. 12, 1.0
106. 16, 0.25
107. 7, 1.0
108. 16, 1.0
109. 7, 1.0
110. 7, 1.0
111. 14, 0.25
112. 0, 0.5
113. 19, 1.0
114. 16, 0.25
115. 2, 0.5
116. 0, 0.5
117. 19, 0.5
118. 9, 0.25
119. 14, 0.25
120. 14, 0.25
121. 0, 0.5
122. 19, 1.0
123. 19, 1.0
124. 2, 0.25
125. 2, 1.0
126. 12, 0.25
127. 14, 0.5
128. 4, 0.5
129. 0, 0.5
130. 0, 0.5
131. 4, 0.25
132. 7, 0.25
133. 16, 0.25
134. 0, 1.0
135. 7, 1.0
136. 7, 1.0
137. 16, 1.0
138. 14, 0.5
139. 9, 1.0
140. 9, 1.0
141. 9, 0.5
142. 4, 1.0
143. 12, 0.5
144. 0, 0.5
145. 12, 0.5
146. 2, 0.5
147. 16, 1.0
148. 19, 0.5
149. 16, 1.0
150. 16, 1.0
151. 19, 0.5
152. 14, 0.5
153. 0, 0.25
154. 14, 0.5
155. 9, 0.5
156. 2, 0.5
157. 9, 1.0
158. 4, 0.25
159. 12, 0.5
160. 12, 0.5
161. 14, 1.0
162. 0, 0.25
163. 9, 1.0
164. 14, 0.5
165. 0, 0.5
166. 2, 0.25
167. 0, 0.25
168. 0, 0.25
169. 4, 0.5
170. 4, 0.5
171. 16, 0.5
172. 4, 0.5
173. 16, 0.5
174. 16, 1.0
175. 7, 0.5
176. 14, 0.25
177. 4, 0.25
178. 9, 1.0
179. 0, 0.25
180. 0, 0.25
181. 19, 1.0
182. 2, 0.25
183. 9, 1.0
184. 16, 0.5
185. 7, 0.5
186. 19, 0.25
187. 19, 1.0
188. 2, 0.5
189. 12, 1.0
190. 12, 1.0
191. 0, 0.25
192. 19, 0.5
193. 0, 0.5
194. 12, 1.0
195. 9, 0.25
196. 19, 0.5
197. 16, 1.0
198. 9, 0.25
199. 0, 1.0
200. 0, 1.0
201. 2, 0.5
202. 7, 0.5
203. 12, 0.25
204. 14, 0.25
205. 2, 0.25
206. 19, 0.5
207. 9, 1.0
208. 19, 0.25
209. 19, 1.0
210. 19, 1.0
211. 0, 0.5
212. 19, 0.25
213. 19, 1.0
214. 4, 0.25
215. 0, 1.0
216. 14, 0.25
217. 14, 1.0
218. 16, 1.0
219. 14, 0.5
220. 14, 0.5
221. 2, 0.25
222. 19, 0.25
223. 12, 0.25
224. 14, 0.25
225. 19, 0.25
226. 19, 0.5
227. 19, 1.0
228. 0, 0.5
229. 2, 0.25
230. 2, 0.25
231. 0, 1.0
232. 0, 0.5
233. 2, 0.5
234. 16, 0.5
235. 16, 0.5
236. 0, 0.5
237. 7, 1.0
238. 7, 0.5
239. 4, 1.0
240. 0, 2.0
